3.150999844074249268e-01
4.386999905109405518e-01
5.507000088691711426e-01
6.171000003814697266e-01
6.836000084877014160e-01
7.177000045776367188e-01
7.448999881744384766e-01
7.209999561309814453e-01
7.714999914169311523e-01
7.562999725341796875e-01
7.835999727249145508e-01
7.692999839782714844e-01
7.817999720573425293e-01
8.034999966621398926e-01
7.024999856948852539e-01
8.277999758720397949e-01
8.157999515533447266e-01
8.230999708175659180e-01
8.149999976158142090e-01
8.100000023841857910e-01
8.112999796867370605e-01
7.845000028610229492e-01
8.122999668121337891e-01
8.201999664306640625e-01
8.282999992370605469e-01
8.375999927520751953e-01
8.228999972343444824e-01
8.537999987602233887e-01
8.086999654769897461e-01
7.823999524116516113e-01
8.431999683380126953e-01
8.143000006675720215e-01
8.438999652862548828e-01
8.529999852180480957e-01
8.296999931335449219e-01
8.341000080108642578e-01
8.490999937057495117e-01
8.338999748229980469e-01
7.919999957084655762e-01
8.330000042915344238e-01
8.417999744415283203e-01
8.407999873161315918e-01
8.497999906539916992e-01
8.474999666213989258e-01
8.404999971389770508e-01
8.477999567985534668e-01
8.493999838829040527e-01
8.361999988555908203e-01
8.506999611854553223e-01
8.474999666213989258e-01
8.300999999046325684e-01
8.660999536514282227e-01
8.507999777793884277e-01
8.481999635696411133e-01
8.396999835968017578e-01
8.350999951362609863e-01
8.079999685287475586e-01
8.472999930381774902e-01
8.394999504089355469e-01
9.393000006675720215e-01
9.427999854087829590e-01
9.375000000000000000e-01
9.379999637603759766e-01
9.325000047683715820e-01
9.350000023841857910e-01
9.353999495506286621e-01
9.311999678611755371e-01
9.298999905586242676e-01
9.273999929428100586e-01
9.284999966621398926e-01
9.287999868392944336e-01
9.287999868392944336e-01
9.195999503135681152e-01
9.266999959945678711e-01
9.228999614715576172e-01
9.197999835014343262e-01
9.220999479293823242e-01
9.131999611854553223e-01
9.189999699592590332e-01
9.197999835014343262e-01
9.138000011444091797e-01
9.186999797821044922e-01
9.096999764442443848e-01
9.096999764442443848e-01
9.188999533653259277e-01
9.197999835014343262e-01
9.117999672889709473e-01
9.077999591827392578e-01
9.114999771118164062e-01
9.038999676704406738e-01
9.181999564170837402e-01
9.187999963760375977e-01
9.047999978065490723e-01
9.146999716758728027e-01
9.183999896049499512e-01
9.095999598503112793e-01
9.043999910354614258e-01
9.154999852180480957e-01
8.988999724388122559e-01
9.074999690055847168e-01
9.044999480247497559e-01
9.077999591827392578e-01
9.153999686241149902e-01
9.086999893188476562e-01
9.095000028610229492e-01
9.164999723434448242e-01
9.131000041961669922e-01
9.120999574661254883e-01
9.163999557495117188e-01
9.113999605178833008e-01
9.132999777793884277e-01
9.131000041961669922e-01
9.121999740600585938e-01
9.125999808311462402e-01
9.048999547958374023e-01
9.029999971389770508e-01
9.138000011444091797e-01
9.126999974250793457e-01
9.169999957084655762e-01
9.440000057220458984e-01
9.445999860763549805e-01
9.453999996185302734e-01
9.455999732017517090e-01
9.444999694824218750e-01
9.461999535560607910e-01
9.465000033378601074e-01
9.457999467849731445e-01
9.462999701499938965e-01
9.463999867439270020e-01
9.452999830245971680e-01
9.451999664306640625e-01
9.445999860763549805e-01
9.453999996185302734e-01
9.474999904632568359e-01
9.470999836921691895e-01
9.469999670982360840e-01
9.479999542236328125e-01
9.460999965667724609e-01
9.469999670982360840e-01
9.478999972343444824e-01
9.467999935150146484e-01
9.455999732017517090e-01
9.460999965667724609e-01
9.449999928474426270e-01
9.466999769210815430e-01
9.465999603271484375e-01
9.465000033378601074e-01
9.458999633789062500e-01
9.470999836921691895e-01
9.470999836921691895e-01
9.475999474525451660e-01
9.462999701499938965e-01
9.449999928474426270e-01
9.457999467849731445e-01
9.458999633789062500e-01
9.463999867439270020e-01
9.461999535560607910e-01
9.467999935150146484e-01
9.451999664306640625e-01
9.478999972343444824e-01
9.478999972343444824e-01
9.484999775886535645e-01
9.478999972343444824e-01
9.486999511718750000e-01
9.480999708175659180e-01
9.478999972343444824e-01
9.476999640464782715e-01
9.474999904632568359e-01
9.475999474525451660e-01
9.483999609947204590e-01
9.487999677658081055e-01
9.480999708175659180e-01
9.487999677658081055e-01
9.476999640464782715e-01
9.483000040054321289e-01
9.480999708175659180e-01
9.475999474525451660e-01
9.488999843597412109e-01
9.463999867439270020e-01
9.465999603271484375e-01
9.488999843597412109e-01
9.463999867439270020e-01
9.483000040054321289e-01
9.475999474525451660e-01
9.483999609947204590e-01
9.483000040054321289e-01
9.485999941825866699e-01
9.473999738693237305e-01
9.479999542236328125e-01
9.481999874114990234e-01
9.472000002861022949e-01
9.472000002861022949e-01
9.469999670982360840e-01
9.490000009536743164e-01
9.477999806404113770e-01
9.480999708175659180e-01
9.467999935150146484e-01
9.477999806404113770e-01
9.473999738693237305e-01
