9.239999949932098389e-02
1.788999885320663452e-01
2.399999946355819702e-01
2.897999882698059082e-01
3.621999919414520264e-01
3.854999840259552002e-01
4.156000018119812012e-01
3.930999934673309326e-01
4.484999775886535645e-01
4.296000003814697266e-01
4.695999920368194580e-01
4.585999846458435059e-01
4.648999869823455811e-01
5.024999976158142090e-01
3.905999958515167236e-01
5.101999640464782715e-01
5.156999826431274414e-01
5.246999859809875488e-01
5.047000050544738770e-01
4.991999864578247070e-01
5.202999711036682129e-01
4.648000001907348633e-01
5.105000138282775879e-01
5.127999782562255859e-01
5.080999732017517090e-01
5.460000038146972656e-01
5.047000050544738770e-01
5.637999773025512695e-01
5.105999708175659180e-01
4.724999964237213135e-01
5.651999711990356445e-01
5.146999955177307129e-01
5.471000075340270996e-01
5.667999982833862305e-01
5.291000008583068848e-01
5.537999868392944336e-01
5.623999834060668945e-01
5.342999696731567383e-01
4.881999790668487549e-01
5.564999580383300781e-01
5.673999786376953125e-01
5.511000156402587891e-01
5.562999844551086426e-01
5.600999593734741211e-01
5.489999651908874512e-01
5.606999993324279785e-01
5.638999938964843750e-01
5.507999658584594727e-01
5.625999569892883301e-01
5.661000013351440430e-01
5.329999923706054688e-01
5.886999964714050293e-01
5.601999759674072266e-01
5.654999613761901855e-01
5.464000105857849121e-01
5.419999957084655762e-01
5.228999853134155273e-01
5.493999719619750977e-01
5.335000157356262207e-01
7.354999780654907227e-01
7.382000088691711426e-01
7.354999780654907227e-01
7.385999560356140137e-01
7.336999773979187012e-01
7.303999662399291992e-01
7.369999885559082031e-01
7.213000059127807617e-01
7.213999629020690918e-01
7.170000076293945312e-01
7.177000045776367188e-01
7.152999639511108398e-01
7.196999788284301758e-01
7.055999636650085449e-01
7.152999639511108398e-01
7.098000049591064453e-01
7.084000110626220703e-01
7.037000060081481934e-01
6.918999552726745605e-01
6.994999647140502930e-01
7.063999772071838379e-01
6.967999935150146484e-01
6.951999664306640625e-01
6.881999969482421875e-01
6.912999749183654785e-01
7.044000029563903809e-01
6.978999972343444824e-01
6.906999945640563965e-01
6.748999953269958496e-01
6.911000013351440430e-01
6.847000122070312500e-01
7.075999975204467773e-01
6.999999880790710449e-01
6.807999610900878906e-01
6.970999836921691895e-01
7.001999616622924805e-01
6.851999759674072266e-01
6.807000041007995605e-01
7.044000029563903809e-01
6.674000024795532227e-01
6.901999711990356445e-01
6.765999794006347656e-01
6.742999553680419922e-01
6.976000070571899414e-01
6.912999749183654785e-01
6.898999810218811035e-01
6.988999843597412109e-01
7.044000029563903809e-01
6.920999884605407715e-01
6.992999911308288574e-01
6.977999806404113770e-01
6.777999997138977051e-01
7.010999917984008789e-01
6.934999823570251465e-01
6.969000101089477539e-01
6.818999648094177246e-01
6.933999657630920410e-01
7.027999758720397949e-01
6.958999633789062500e-01
7.116999626159667969e-01
7.739999890327453613e-01
7.820999622344970703e-01
7.789999842643737793e-01
7.820000052452087402e-01
7.785999774932861328e-01
7.807999849319458008e-01
7.820000052452087402e-01
7.805999517440795898e-01
7.827999591827392578e-01
7.816999554634094238e-01
7.811999917030334473e-01
7.836999893188476562e-01
7.828999757766723633e-01
7.835999727249145508e-01
7.845999598503112793e-01
7.815999984741210938e-01
7.859999537467956543e-01
7.838999629020690918e-01
7.868999838829040527e-01
7.847999930381774902e-01
7.831000089645385742e-01
7.834999561309814453e-01
7.850999832153320312e-01
7.856000065803527832e-01
7.853999733924865723e-01
7.857999801635742188e-01
7.847999930381774902e-01
7.849999666213989258e-01
7.857999801635742188e-01
7.858999967575073242e-01
7.845999598503112793e-01
7.870000004768371582e-01
7.841999530792236328e-01
7.875999808311462402e-01
7.881999611854553223e-01
7.863000035285949707e-01
7.860999703407287598e-01
7.847999930381774902e-01
7.870000004768371582e-01
7.823999524116516113e-01
7.856999635696411133e-01
7.863999605178833008e-01
7.878999710083007812e-01
7.897999882698059082e-01
7.894999980926513672e-01
7.893999814987182617e-01
7.896999716758728027e-01
7.883999943733215332e-01
7.882999777793884277e-01
7.890999913215637207e-01
7.917000055313110352e-01
7.917999625205993652e-01
7.914999723434448242e-01
7.920999526977539062e-01
7.897999882698059082e-01
7.886999845504760742e-01
7.872999906539916992e-01
7.892000079154968262e-01
7.908999919891357422e-01
7.892000079154968262e-01
7.906999588012695312e-01
7.920999526977539062e-01
7.894999980926513672e-01
7.894999980926513672e-01
7.922999858856201172e-01
7.924000024795532227e-01
7.915999889373779297e-01
7.907999753952026367e-01
7.914999723434448242e-01
7.917000055313110352e-01
7.908999919891357422e-01
7.913999557495117188e-01
7.901999950408935547e-01
7.930999994277954102e-01
7.919999957084655762e-01
7.924999594688415527e-01
7.914999723434448242e-01
7.930999994277954102e-01
7.925999760627746582e-01
7.900999784469604492e-01
