3.041909103393554761e-02
2.716595458984374933e-02
2.385995450019836456e-02
2.224378433227539031e-02
1.950024833679199140e-02
1.831962016820907688e-02
1.723555085659026972e-02
1.856085001230239895e-02
1.627187408208847011e-02
1.701757277250290010e-02
1.566608968973159932e-02
1.630035587549209450e-02
1.607024486064910843e-02
1.463628227710723866e-02
2.041423056125640789e-02
1.399075764417648249e-02
1.455759632587432829e-02
1.388128896951675365e-02
1.455732756853103660e-02
1.467268776893615803e-02
1.455098739862441953e-02
1.642662765979766709e-02
1.470255892276763933e-02
1.450927441120147647e-02
1.491887421607971179e-02
1.316508196592330870e-02
1.499214403629303000e-02
1.240343035459518482e-02
1.543766621351242048e-02
1.720946631431579527e-02
1.287713239192962711e-02
1.496829246282577533e-02
1.317426046729087800e-02
1.266464864015579180e-02
1.398234494924545206e-02
1.341216231584548869e-02
1.263589426279067979e-02
1.397997618913650493e-02
1.678787405490875240e-02
1.362305302619934086e-02
1.297527357339858974e-02
1.340260426998138472e-02
1.282929266691207847e-02
1.303215883374214158e-02
1.342536001205444328e-02
1.289891201257705768e-02
1.334114224910736002e-02
1.338051829338073734e-02
1.307064731121063313e-02
1.269094880819320731e-02
1.404017552733421298e-02
1.207984397411346507e-02
1.311135495901107756e-02
1.293474905490875175e-02
1.374513928890228227e-02
1.394003659486770658e-02
1.467409660816192639e-02
1.315581004619598322e-02
1.523465032577514706e-02
7.213646090030670192e-03
7.160590565204620617e-03
7.501423984766006706e-03
7.435254287719726164e-03
7.739519262313842782e-03
7.947069877386093648e-03
7.594543272256851218e-03
8.270570307970046692e-03
8.226064306497573794e-03
8.485557872056960840e-03
8.380648380517960114e-03
8.445166766643523448e-03
8.493773108720780243e-03
9.153821647167206463e-03
8.641276884078979981e-03
9.151958221197128290e-03
9.238849693536757904e-03
9.279154461622238226e-03
9.647380346059799411e-03
9.460017448663711470e-03
9.031928974390030299e-03
9.553433728218077917e-03
9.380769848823546780e-03
9.801840019226074757e-03
9.965260499715805284e-03
9.480023705959319397e-03
9.600245654582976670e-03
9.969004994630813535e-03
1.058086344003677376e-02
1.018998656868934545e-02
1.039799709320068412e-02
9.380425488948821930e-03
9.900775414705275876e-03
1.057796490788459783e-02
9.607577073574066068e-03
9.656836986541747839e-03
1.017333695888519331e-02
1.054315783381462070e-02
9.342434111237526290e-03
1.109957861900329537e-02
9.886777299642563605e-03
1.057026154398918102e-02
1.047068483233451822e-02
1.006691395044326774e-02
1.012582926750183084e-02
1.044688839912414485e-02
9.619851636886595989e-03
9.814184516668319341e-03
1.003375740945339212e-02
9.697580468654633246e-03
9.987067747116088259e-03
1.053101757764816210e-02
9.844361311197280875e-03
1.025425779223442142e-02
9.862579280138015006e-03
1.036002556681633012e-02
1.022498651742935125e-02
9.488033694028855103e-03
1.022376688718795723e-02
9.562175571918487410e-03
7.257406312227249363e-03
7.218338072299957178e-03
7.166177845001221042e-03
7.117902523279189680e-03
7.279483360052108575e-03
7.303080126643181173e-03
7.131134462356567005e-03
7.164753299951553446e-03
7.196380230784416368e-03
7.253628814220428739e-03
7.219247984886169832e-03
7.137066429853439371e-03
7.129023629426955826e-03
7.082966417074203734e-03
7.157352864742279157e-03
7.145852160453796363e-03
7.087626364827155981e-03
7.127111208438873143e-03
7.170610022544860948e-03
7.127230399847030509e-03
7.062729093432426088e-03
7.210445094108581393e-03
7.082066494226455476e-03
7.044309234619140422e-03
7.078924286365508890e-03
7.097407734394073353e-03
7.137460774183273030e-03
7.082802015542983588e-03
7.013052394986152814e-03
7.072118353843689226e-03
7.024280911684036358e-03
7.015602630376815974e-03
7.049673397839069204e-03
7.188928830623626982e-03
7.066342544555664212e-03
7.116371059417724888e-03
6.990530651807784837e-03
7.031722128391266168e-03
7.034411162137985292e-03
7.139654242992400993e-03
7.047127670049667045e-03
6.957750493288040149e-03
6.928522780537605362e-03
7.012426191568374434e-03
6.944928300380706805e-03
6.960689088702201772e-03
6.918543970584869508e-03
6.981826192140579493e-03
6.959279540181159858e-03
6.955262410640716125e-03
6.932103502750397092e-03
6.938636422157287188e-03
6.904577517509460048e-03
6.931085216999054166e-03
6.907566428184509083e-03
6.857339540123939120e-03
6.903439962863922204e-03
6.976794266700744526e-03
6.938618317246437149e-03
6.928564661741256313e-03
6.962016427516937341e-03
6.957960695028304887e-03
6.919808951020240372e-03
6.939552336931228450e-03
6.863455656170845166e-03
6.956274405121803429e-03
6.881011196970939804e-03
6.959800648689270196e-03
6.903780865669250678e-03
6.923756876587867926e-03
6.914559853076934423e-03
6.988962352275848722e-03
6.953943574428558295e-03
6.940255671739578233e-03
6.828104698657989739e-03
6.943808048963546857e-03
6.924025529623031514e-03
6.940822911262512634e-03
6.890397679805755453e-03
6.961494666337966937e-03
