5.373875436782837162e-02
2.510485470294952434e-02
2.252401735782623426e-02
1.974987192153930537e-02
2.328534393310546791e-02
2.159735214710235482e-02
1.963728415966033841e-02
1.957719553709030141e-02
1.650182563066482713e-02
1.697942061424255467e-02
1.668607038259506056e-02
1.693016910552978468e-02
1.651329122781753506e-02
1.744233001470565925e-02
1.574537670612335266e-02
1.720461206436157270e-02
1.561363577842712382e-02
1.410599374771118186e-02
1.534245258569717427e-02
1.632458920478820769e-02
1.539157468080520549e-02
1.519832282066345235e-02
1.556036322116851819e-02
1.445359830856323205e-02
1.839110776185989490e-02
1.401884382963180554e-02
1.275971668958663860e-02
1.439227302074432349e-02
1.546669762134551991e-02
1.413468586206436187e-02
1.749143986701965497e-02
1.257557119131088273e-02
1.304324791431426926e-02
1.567033723592758249e-02
1.457896174192428555e-02
1.396970138549804771e-02
1.288142855167388919e-02
1.369893230199813877e-02
1.269912937879562331e-02
1.549302335977554256e-02
1.415688265562057430e-02
1.315419547557830811e-02
1.396547113656997595e-02
1.249078017473220781e-02
1.407632734775543168e-02
1.292613121271133508e-02
1.522359880208969118e-02
1.408303840160369906e-02
1.371907628774642930e-02
1.335186722278594931e-02
1.446200267076492262e-02
1.445609010457992588e-02
1.309580659866333048e-02
1.504534755945205644e-02
1.290229382514953595e-02
1.387305747270584089e-02
1.198727121353149357e-02
1.228733843564987216e-02
1.137774477005004843e-02
6.931494611501693749e-03
7.019251370429992892e-03
6.869872617721557891e-03
7.117932409048080555e-03
7.298388999700546574e-03
7.366967558860779142e-03
7.585696554183960286e-03
8.165186011791229076e-03
8.422774738073348158e-03
8.274684894084930256e-03
7.955045503377914870e-03
8.114807069301606043e-03
8.445882034301757657e-03
8.767329412698745758e-03
8.179219436645507671e-03
8.911087137460709309e-03
8.583274316787719432e-03
8.634959125518799558e-03
9.135649347305298262e-03
9.094838714599609575e-03
8.963853234052658256e-03
1.013355761170387295e-02
9.483628541231154535e-03
9.298881280422209919e-03
8.993977397680283023e-03
8.972867190837860094e-03
8.917292094230651334e-03
9.449927330017090371e-03
1.002930238842964124e-02
9.041717350482940743e-03
1.016281509995460575e-02
9.665566974878310458e-03
9.268436342477799281e-03
9.379814499616622586e-03
9.865619832277298246e-03
1.033332029581069886e-02
1.002401956915855395e-02
9.590475380420685619e-03
9.730903202295302853e-03
9.677479124069214220e-03
1.011566321849823036e-02
9.710742491483688454e-03
1.090778099298477140e-02
9.991816008090972923e-03
9.886677587032318554e-03
1.008971080780029367e-02
1.022931936979293820e-02
9.576360881328582070e-03
9.980203747749329460e-03
1.064714202284812970e-02
9.322671383619309318e-03
1.008015628457069324e-02
1.001126124858856166e-02
1.064259386062622013e-02
9.874980974197387906e-03
9.565390038490296024e-03
9.879365593194961229e-03
9.934329408407211251e-03
1.026963418722152792e-02
1.028770296573638943e-02
7.294113773107529022e-03
7.290337884426116577e-03
7.393876200914382968e-03
7.379699468612671218e-03
7.517682689428329887e-03
7.520772153139114458e-03
7.549440622329712212e-03
7.374630624055862615e-03
7.486908841133117602e-03
7.519588786363601632e-03
7.585461688041686933e-03
7.523136407136916774e-03
7.555529680848121869e-03
7.510270604491233425e-03
7.491872107982635101e-03
7.621315515041351615e-03
7.526030609011649664e-03
7.425850582122802551e-03
7.519190895557403657e-03
7.590144473314285392e-03
7.477222013473510884e-03
7.395368489623069773e-03
7.615665373206138497e-03
7.436379888653755522e-03
7.473698151111602371e-03
7.479011893272400312e-03
7.434790188074111988e-03
7.433261775970458930e-03
7.433477383852004836e-03
7.616762131452560654e-03
7.466726982593535969e-03
7.520928710699081692e-03
7.583879244327545142e-03
7.540501141548156677e-03
7.561225771903991658e-03
7.509213787317276304e-03
7.571831458806991752e-03
7.637661474943160771e-03
7.519257116317749380e-03
7.588431844115257376e-03
7.415645736455917306e-03
7.366162627935409282e-03
7.366964921355247456e-03
7.361070847511291121e-03
7.395198702812195123e-03
7.317889797687530777e-03
7.251514872908592334e-03
7.315522330999374261e-03
7.416152048110961903e-03
7.267043623328209301e-03
7.307314231991767460e-03
7.302644550800323382e-03
7.276153135299682530e-03
7.240070080757140918e-03
7.283076721429825040e-03
7.256585079431533691e-03
7.302177572250365990e-03
7.273140537738799656e-03
7.273056596517562741e-03
7.264147609472275044e-03
7.306771385669708074e-03
7.236922699213027554e-03
7.254196521639824299e-03
7.333220708370208514e-03
7.209028548002242680e-03
7.232594925165176415e-03
7.345752713084220675e-03
7.302007502317428220e-03
7.303702777624130477e-03
7.215056365728378211e-03
7.327293545007705980e-03
7.313385313749313360e-03
7.224855366349220570e-03
7.219641917943954088e-03
7.283819586038589589e-03
7.311955928802489971e-03
7.219543755054473946e-03
7.240715932846069486e-03
7.270292752981186331e-03
7.313721215724945310e-03
