9.420000016689300537e-02
2.327999919652938843e-01
2.791000008583068848e-01
3.590999841690063477e-01
2.939999997615814209e-01
3.373999893665313721e-01
3.739999830722808838e-01
3.825999796390533447e-01
4.375000000000000000e-01
4.557999968528747559e-01
4.490000009536743164e-01
4.405999779701232910e-01
4.678999781608581543e-01
4.614000022411346436e-01
4.772000014781951904e-01
4.558999836444854736e-01
4.754000008106231689e-01
5.182999968528747559e-01
4.872999787330627441e-01
4.826999902725219727e-01
4.994999766349792480e-01
5.121999979019165039e-01
4.941999912261962891e-01
5.185999870300292969e-01
4.350000023841857910e-01
5.266999602317810059e-01
5.695999860763549805e-01
5.110999941825866699e-01
5.074999928474426270e-01
5.361999869346618652e-01
4.628999829292297363e-01
5.655999779701232910e-01
5.493999719619750977e-01
5.023999810218811035e-01
5.167999863624572754e-01
5.478999614715576172e-01
5.706999897956848145e-01
5.421999692916870117e-01
5.640999674797058105e-01
5.180999636650085449e-01
5.288000106811523438e-01
5.525000095367431641e-01
5.331999659538269043e-01
5.681999921798706055e-01
5.296999812126159668e-01
5.593000054359436035e-01
5.212999582290649414e-01
5.335000157356262207e-01
5.372999906539916992e-01
5.521999597549438477e-01
5.333999991416931152e-01
5.324000120162963867e-01
5.551999807357788086e-01
5.166999697685241699e-01
5.673999786376953125e-01
5.460999608039855957e-01
5.895999670028686523e-01
5.760999917984008789e-01
5.974000096321105957e-01
7.418000102043151855e-01
7.445999979972839355e-01
7.490999698638916016e-01
7.440999746322631836e-01
7.384999990463256836e-01
7.361999750137329102e-01
7.321999669075012207e-01
7.207999825477600098e-01
7.163999676704406738e-01
7.181000113487243652e-01
7.301999926567077637e-01
7.208999991416931152e-01
7.145999670028686523e-01
7.082999944686889648e-01
7.227999567985534668e-01
6.972000002861022949e-01
7.058999538421630859e-01
7.129999995231628418e-01
7.026999592781066895e-01
7.013999819755554199e-01
7.081999778747558594e-01
6.857999563217163086e-01
6.970999836921691895e-01
7.058999538421630859e-01
7.055999636650085449e-01
7.084000110626220703e-01
7.074999809265136719e-01
6.924999952316284180e-01
6.811999678611755371e-01
7.044999599456787109e-01
6.863999962806701660e-01
6.911000013351440430e-01
7.016999721527099609e-01
6.947000026702880859e-01
6.915999650955200195e-01
6.797999739646911621e-01
6.801999807357788086e-01
6.959999799728393555e-01
6.905999779701232910e-01
6.990999579429626465e-01
6.900999546051025391e-01
6.947999596595764160e-01
6.729999780654907227e-01
6.841999888420104980e-01
6.936999559402465820e-01
6.887999773025512695e-01
6.882999539375305176e-01
6.988999843597412109e-01
6.923999786376953125e-01
6.802999973297119141e-01
7.058999538421630859e-01
6.943999528884887695e-01
6.904999613761901855e-01
6.881999969482421875e-01
6.990000009536743164e-01
7.019999623298645020e-01
6.958999633789062500e-01
6.937999725341796875e-01
6.790999770164489746e-01
6.838999986648559570e-01
7.694999575614929199e-01
7.732999920845031738e-01
7.779999971389770508e-01
7.767999768257141113e-01
7.771999835968017578e-01
7.767999768257141113e-01
7.788999676704406738e-01
7.804999947547912598e-01
7.792999744415283203e-01
7.784999608993530273e-01
7.784999608993530273e-01
7.807999849319458008e-01
7.782999873161315918e-01
7.766000032424926758e-01
7.791000008583068848e-01
7.774999737739562988e-01
7.784999608993530273e-01
7.809999585151672363e-01
7.834999561309814453e-01
7.806999683380126953e-01
7.792999744415283203e-01
7.840999960899353027e-01
7.811999917030334473e-01
7.799999713897705078e-01
7.796999812126159668e-01
7.804999947547912598e-01
7.792999744415283203e-01
7.795000076293945312e-01
7.820999622344970703e-01
7.750999927520751953e-01
7.809000015258789062e-01
7.780999541282653809e-01
7.786999940872192383e-01
7.788999676704406738e-01
7.767999768257141113e-01
7.777999639511108398e-01
7.780999541282653809e-01
7.753999829292297363e-01
7.773999571800231934e-01
7.784999608993530273e-01
7.818999886512756348e-01
7.829999923706054688e-01
7.840999960899353027e-01
7.834999561309814453e-01
7.825999855995178223e-01
7.841999530792236328e-01
7.850999832153320312e-01
7.858999967575073242e-01
7.838000059127807617e-01
7.843999862670898438e-01
7.850999832153320312e-01
7.836999893188476562e-01
7.863999605178833008e-01
7.872999906539916992e-01
7.857999801635742188e-01
7.871999740600585938e-01
7.866999506950378418e-01
7.858999967575073242e-01
7.871999740600585938e-01
7.849000096321105957e-01
7.860999703407287598e-01
7.863999605178833008e-01
7.849999666213989258e-01
7.849999666213989258e-01
7.874999642372131348e-01
7.863000035285949707e-01
7.868999838829040527e-01
7.843999862670898438e-01
7.881999611854553223e-01
7.881999611854553223e-01
7.878999710083007812e-01
7.861999869346618652e-01
7.860999703407287598e-01
7.861999869346618652e-01
7.863999605178833008e-01
7.845999598503112793e-01
7.865999937057495117e-01
7.820999622344970703e-01
7.852999567985534668e-01
7.856999635696411133e-01
