3.005999922752380371e-01
5.306000113487243652e-01
6.007999777793884277e-01
6.839999556541442871e-01
6.117999553680419922e-01
6.510999798774719238e-01
7.001000046730041504e-01
7.089999914169311523e-01
7.728999853134155273e-01
7.554000020027160645e-01
7.716999650001525879e-01
7.610999941825866699e-01
7.662000060081481934e-01
7.734000086784362793e-01
7.939999699592590332e-01
7.692999839782714844e-01
7.987999916076660156e-01
8.314999938011169434e-01
8.046999573707580566e-01
7.935999631881713867e-01
8.023999929428100586e-01
8.175999522209167480e-01
8.115999698638916016e-01
8.274999856948852539e-01
7.446999549865722656e-01
8.287999629974365234e-01
8.554999828338623047e-01
8.161000013351440430e-01
8.112999796867370605e-01
8.273999691009521484e-01
7.731999754905700684e-01
8.476999998092651367e-01
8.453999757766723633e-01
7.986999750137329102e-01
8.218999505043029785e-01
8.442999720573425293e-01
8.549000024795532227e-01
8.467999696731567383e-01
8.485999703407287598e-01
8.060999512672424316e-01
8.402999639511108398e-01
8.449999690055847168e-01
8.309999704360961914e-01
8.518999814987182617e-01
8.266999721527099609e-01
8.490999937057495117e-01
8.076999783515930176e-01
8.290999531745910645e-01
8.349999785423278809e-01
8.457999825477600098e-01
8.355999588966369629e-01
8.152999877929687500e-01
8.434999585151672363e-01
8.272999525070190430e-01
8.460999727249145508e-01
8.387999534606933594e-01
8.647999763488769531e-01
8.641999959945678711e-01
8.737999796867370605e-01
9.431999921798706055e-01
9.411999583244323730e-01
9.438999891281127930e-01
9.408999681472778320e-01
9.391999840736389160e-01
9.377999901771545410e-01
9.350000023841857910e-01
9.307000041007995605e-01
9.284999966621398926e-01
9.305999875068664551e-01
9.325000047683715820e-01
9.281999468803405762e-01
9.236999750137329102e-01
9.241999983787536621e-01
9.281999468803405762e-01
9.174999594688415527e-01
9.250999689102172852e-01
9.255999922752380371e-01
9.186999797821044922e-01
9.222999811172485352e-01
9.199000000953674316e-01
9.077000021934509277e-01
9.179999828338623047e-01
9.199000000953674316e-01
9.192999601364135742e-01
9.196999669075012207e-01
9.236999750137329102e-01
9.177999496459960938e-01
9.089999794960021973e-01
9.202999472618103027e-01
9.081999659538269043e-01
9.120000004768371582e-01
9.178999662399291992e-01
9.174000024795532227e-01
9.114999771118164062e-01
9.059000015258789062e-01
9.138000011444091797e-01
9.124999642372131348e-01
9.064999818801879883e-01
9.158999919891357422e-01
9.189999699592590332e-01
9.175999760627746582e-01
9.073999524116516113e-01
9.097999930381774902e-01
9.109999537467956543e-01
9.090999960899353027e-01
9.107999801635742188e-01
9.182999730110168457e-01
9.104999899864196777e-01
9.111999869346618652e-01
9.203999638557434082e-01
9.121999740600585938e-01
9.120999574661254883e-01
9.083999991416931152e-01
9.154999852180480957e-01
9.163999557495117188e-01
9.139999747276306152e-01
9.122999906539916992e-01
9.066999554634094238e-01
9.055999517440795898e-01
9.441999793052673340e-01
9.451999664306640625e-01
9.443999528884887695e-01
9.458999633789062500e-01
9.453999996185302734e-01
9.463999867439270020e-01
9.447000026702880859e-01
9.455999732017517090e-01
9.427999854087829590e-01
9.442999958992004395e-01
9.441999793052673340e-01
9.434999823570251465e-01
9.432999491691589355e-01
9.416999816894531250e-01
9.423999786376953125e-01
9.425999522209167480e-01
9.412999749183654785e-01
9.424999952316284180e-01
9.422000050544738770e-01
9.420999884605407715e-01
9.444999694824218750e-01
9.441999793052673340e-01
9.438999891281127930e-01
9.436999559402465820e-01
9.426999688148498535e-01
9.436999559402465820e-01
9.438999891281127930e-01
9.405999779701232910e-01
9.413999915122985840e-01
9.409999847412109375e-01
9.429000020027160645e-01
9.394999742507934570e-01
9.412999749183654785e-01
9.404999613761901855e-01
9.431999921798706055e-01
9.415999650955200195e-01
9.425999522209167480e-01
9.420999884605407715e-01
9.425999522209167480e-01
9.422000050544738770e-01
9.441999793052673340e-01
9.430999755859375000e-01
9.440000057220458984e-01
9.438999891281127930e-01
9.449999928474426270e-01
9.448999762535095215e-01
9.437999725341796875e-01
9.449999928474426270e-01
9.444999694824218750e-01
9.457999467849731445e-01
9.432999491691589355e-01
9.447999596595764160e-01
9.443999528884887695e-01
9.444999694824218750e-01
9.447999596595764160e-01
9.454999566078186035e-01
9.450999498367309570e-01
9.449999928474426270e-01
9.447000026702880859e-01
9.431999921798706055e-01
9.442999958992004395e-01
9.447000026702880859e-01
9.432999491691589355e-01
9.447000026702880859e-01
9.447999596595764160e-01
9.445999860763549805e-01
9.454999566078186035e-01
9.435999989509582520e-01
9.461999535560607910e-01
9.459999799728393555e-01
9.453999996185302734e-01
9.451999664306640625e-01
9.460999965667724609e-01
9.452999830245971680e-01
9.449999928474426270e-01
9.448999762535095215e-01
9.444999694824218750e-01
9.431999921798706055e-01
9.432999491691589355e-01
9.445999860763549805e-01
