3.892000019550323486e-01
5.565999746322631836e-01
6.060999631881713867e-01
6.890000104904174805e-01
7.168999910354614258e-01
6.983000040054321289e-01
7.382999658584594727e-01
7.070999741554260254e-01
7.608999609947204590e-01
7.753999829292297363e-01
7.408999800682067871e-01
7.910999655723571777e-01
7.623999714851379395e-01
7.617999911308288574e-01
7.531999945640563965e-01
7.674999833106994629e-01
7.724999785423278809e-01
7.705999612808227539e-01
7.684999704360961914e-01
7.750999927520751953e-01
7.942000031471252441e-01
7.810999751091003418e-01
7.633000016212463379e-01
7.727999687194824219e-01
7.929999828338623047e-01
8.150999546051025391e-01
7.871999740600585938e-01
7.795999646186828613e-01
8.082000017166137695e-01
8.152999877929687500e-01
8.009999990463256836e-01
7.497999668121337891e-01
7.870999574661254883e-01
7.906000018119812012e-01
8.190000057220458984e-01
8.039000034332275391e-01
8.057000041007995605e-01
8.187999725341796875e-01
7.673999667167663574e-01
7.854999899864196777e-01
7.939999699592590332e-01
7.513999938964843750e-01
8.075999617576599121e-01
7.662000060081481934e-01
8.114999532699584961e-01
8.137999773025512695e-01
8.044999837875366211e-01
8.042999505996704102e-01
8.289999961853027344e-01
8.154000043869018555e-01
8.120999932289123535e-01
8.183000087738037109e-01
8.088999986648559570e-01
7.924999594688415527e-01
8.136999607086181641e-01
7.799999713897705078e-01
7.653999924659729004e-01
7.933999896049499512e-01
8.009999990463256836e-01
9.027000069618225098e-01
9.006999731063842773e-01
8.993999958038330078e-01
9.014999866485595703e-01
8.982999920845031738e-01
8.973000049591064453e-01
8.982999920845031738e-01
8.940999507904052734e-01
8.960999846458435059e-01
8.924999833106994629e-01
8.925999999046325684e-01
8.922999501228332520e-01
8.910999894142150879e-01
8.948999643325805664e-01
8.962999582290649414e-01
8.901000022888183594e-01
8.845999836921691895e-01
8.825999498367309570e-01
8.845999836921691895e-01
8.937999606132507324e-01
8.851000070571899414e-01
8.858000040054321289e-01
8.925999999046325684e-01
8.874999880790710449e-01
8.904999494552612305e-01
8.889999985694885254e-01
8.889999985694885254e-01
8.939999938011169434e-01
8.934999704360961914e-01
8.848999738693237305e-01
8.878999948501586914e-01
8.840000033378601074e-01
8.853999972343444824e-01
8.842999935150146484e-01
8.917999863624572754e-01
8.815000057220458984e-01
8.800999522209167480e-01
8.914999961853027344e-01
8.817999958992004395e-01
8.909999728202819824e-01
8.826999664306640625e-01
8.891999721527099609e-01
8.880999684333801270e-01
8.836999535560607910e-01
8.915999531745910645e-01
8.962999582290649414e-01
8.837999701499938965e-01
8.847999572753906250e-01
8.922999501228332520e-01
8.887999653816223145e-01
8.909999728202819824e-01
8.912000060081481934e-01
8.942999839782714844e-01
8.844999670982360840e-01
8.888999819755554199e-01
8.804999589920043945e-01
8.885999917984008789e-01
8.828999996185302734e-01
8.851999640464782715e-01
8.868999481201171875e-01
9.197999835014343262e-01
9.203999638557434082e-01
9.210000038146972656e-01
9.210000038146972656e-01
9.203999638557434082e-01
9.206999540328979492e-01
9.199000000953674316e-01
9.190999865531921387e-01
9.192000031471252441e-01
9.194999933242797852e-01
9.195999503135681152e-01
9.174999594688415527e-01
9.202999472618103027e-01
9.174000024795532227e-01
9.163999557495117188e-01
9.145999550819396973e-01
9.149999618530273438e-01
9.162999987602233887e-01
9.163999557495117188e-01
9.143999814987182617e-01
9.149999618530273438e-01
9.113000035285949707e-01
9.103999733924865723e-01
9.170999526977539062e-01
9.131999611854553223e-01
9.138999581336975098e-01
9.131000041961669922e-01
9.123999476432800293e-01
9.138999581336975098e-01
9.106000065803527832e-01
9.128999710083007812e-01
9.108999967575073242e-01
9.120000004768371582e-01
9.120000004768371582e-01
9.107999801635742188e-01
9.075999855995178223e-01
9.093999862670898438e-01
9.064999818801879883e-01
9.095999598503112793e-01
9.075999855995178223e-01
9.170999526977539062e-01
9.162999987602233887e-01
9.170999526977539062e-01
9.152999520301818848e-01
9.147999882698059082e-01
9.146999716758728027e-01
9.157999753952026367e-01
9.147999882698059082e-01
9.160999655723571777e-01
9.164999723434448242e-01
9.149000048637390137e-01
9.156000018119812012e-01
9.154999852180480957e-01
9.154999852180480957e-01
9.138000011444091797e-01
9.168999791145324707e-01
9.161999821662902832e-01
9.168999791145324707e-01
9.153999686241149902e-01
9.157999753952026367e-01
9.138999581336975098e-01
9.164999723434448242e-01
9.150999784469604492e-01
9.149999618530273438e-01
9.156999588012695312e-01
9.147999882698059082e-01
9.140999913215637207e-01
9.152999520301818848e-01
9.138000011444091797e-01
9.115999937057495117e-01
9.133999943733215332e-01
9.123999476432800293e-01
9.118999838829040527e-01
9.149000048637390137e-01
9.116999506950378418e-01
9.121999740600585938e-01
9.127999544143676758e-01
9.131000041961669922e-01
9.144999980926513672e-01
9.134999513626098633e-01
