2.831381142139434773e-02
2.388695495128631552e-02
2.285043087005615356e-02
1.910104520320892244e-02
1.861056219339370793e-02
1.889261336326599275e-02
1.761565066576004090e-02
1.914754823446273777e-02
1.706642116308212248e-02
1.603500082492828258e-02
1.787249331474304037e-02
1.562796496152877787e-02
1.662808411121368540e-02
1.681115928888320815e-02
1.704667165279388427e-02
1.597054901123046849e-02
1.623623789548873930e-02
1.665581607818603441e-02
1.659654159545898358e-02
1.629528620243072407e-02
1.519382141828536960e-02
1.622070584297180193e-02
1.638447678089141948e-02
1.607195422649383698e-02
1.517017705440521294e-02
1.436678297519683803e-02
1.547426617145538329e-02
1.605173287391662568e-02
1.478910347223281845e-02
1.423979420661926343e-02
1.486588479280471879e-02
1.796598832607269186e-02
1.577107428312301760e-02
1.561457014083862324e-02
1.399159212112426748e-02
1.502338355779647867e-02
1.472028311491012549e-02
1.453868688344955515e-02
1.728796947002411016e-02
1.590597000122070254e-02
1.526954486370086725e-02
1.728325887918472428e-02
1.442964700460433979e-02
1.717660450935363722e-02
1.442644661664962795e-02
1.439569150209426933e-02
1.473762788772583002e-02
1.512127844095230086e-02
1.392915817499160852e-02
1.490109192132949879e-02
1.432423777580261147e-02
1.390019690990447997e-02
1.516791304349899248e-02
1.565310765504836915e-02
1.423515596389770578e-02
1.602572579383849949e-02
1.722246042490005458e-02
1.557373530864715645e-02
1.481158642768859793e-02
9.512457603216171662e-03
9.512703686952591123e-03
9.585748499631882580e-03
9.371546664834022600e-03
9.705971044301986428e-03
9.717297124862670291e-03
9.885719496011734567e-03
1.002148045301437355e-02
9.809697669744491672e-03
1.018060854077339206e-02
1.017709921002388045e-02
1.015162279605865553e-02
9.952633845806121982e-03
1.012080002427101152e-02
1.004221380949020352e-02
1.014561219811439471e-02
1.064303211569786120e-02
1.085186007022857606e-02
1.076938310265541064e-02
9.948533552885056169e-03
1.068814972639083906e-02
1.080015202760696395e-02
1.040709810256957961e-02
1.049512328207492795e-02
1.032256355285644453e-02
1.043601738214492737e-02
1.054301851987838809e-02
1.030315774083137570e-02
1.035299034714698765e-02
1.087124376893043587e-02
1.054203164577484191e-02
1.066455173492431713e-02
1.077705612778663558e-02
1.089245860576629719e-02
1.048309843540191737e-02
1.119131944179534849e-02
1.102292075157165589e-02
1.032536729574203525e-02
1.086462141275405802e-02
1.052910757660865775e-02
1.089675905704498224e-02
1.054964747428894026e-02
1.069587860107421885e-02
1.064806793332099925e-02
1.018160488605499188e-02
1.038370648622512736e-02
1.076743257045745771e-02
1.090858973860740593e-02
1.057430250644683829e-02
1.054597544670105025e-02
1.062198482751846272e-02
1.066909741163253773e-02
1.030046640038490349e-02
1.071889681816101149e-02
1.046969149708747854e-02
1.116671625375747698e-02
1.123371901512145929e-02
1.068202695250511196e-02
1.106649082899093667e-02
1.122683385014533984e-02
8.539471805095672288e-03
8.534751343727111153e-03
8.529128676652907720e-03
8.550689876079559798e-03
8.610459166765213612e-03
8.639735996723175299e-03
8.905680912733077506e-03
8.783701062202452919e-03
8.842282176017761050e-03
8.959006875753402349e-03
8.840900760889053647e-03
8.983119404315948256e-03
8.973287773132323716e-03
9.095908498764038522e-03
9.195504337549209248e-03
9.303056925535202817e-03
9.145167624950408317e-03
9.246771222352982364e-03
9.217547231912613659e-03
9.293156599998474848e-03
9.382373416423797630e-03
9.560932785272598100e-03
9.522239255905151287e-03
9.319455391168594838e-03
9.585340780019760074e-03
9.500338757038116755e-03
9.559448927640915375e-03
9.610797053575516335e-03
9.632567816972732386e-03
9.618131273984909663e-03
9.704251092672347770e-03
9.751099956035614441e-03
9.814375984668732150e-03
9.735525804758072763e-03
9.660949939489365049e-03
9.927954161167144853e-03
9.783553832769393763e-03
1.008445628881454552e-02
9.765278142690658400e-03
1.003405010700225870e-02
9.275189357995986678e-03
9.327682346105575090e-03
9.272936093807219657e-03
9.233081197738647258e-03
9.443774938583374481e-03
9.362397027015686296e-03
9.512136775255202945e-03
9.477829873561858381e-03
9.427534693479537251e-03
9.348841542005539504e-03
9.521431094408035548e-03
9.463235348463059152e-03
9.488518881797790641e-03
9.427397131919861006e-03
9.736770206689834145e-03
9.486143910884857824e-03
9.408126997947692527e-03
9.648292714357376357e-03
9.578788393735885448e-03
9.616913223266600891e-03
9.586142867803574413e-03
9.661967712640762845e-03
9.647899830341338800e-03
9.587213999032975081e-03
9.624848228693009058e-03
9.550297874212264337e-03
9.589069703221321864e-03
9.610701501369476457e-03
9.659173119068146032e-03
9.794038599729538302e-03
9.684244138002395808e-03
9.676479971408843972e-03
9.641853740811348605e-03
9.718229436874389199e-03
9.828564310073851715e-03
9.848544603586197391e-03
9.774775731563567840e-03
9.683020162582397714e-03
9.779426991939545177e-03
9.732401025295257108e-03
