1.481000036001205444e-01
2.498999983072280884e-01
2.881000041961669922e-01
3.676999807357788086e-01
3.804999887943267822e-01
3.735999763011932373e-01
4.235000014305114746e-01
3.985999822616577148e-01
4.451999962329864502e-01
4.636999964714050293e-01
4.263999760150909424e-01
4.633999764919281006e-01
4.430999755859375000e-01
4.442999958992004395e-01
4.435999989509582520e-01
4.761999845504760742e-01
4.623000025749206543e-01
4.440999925136566162e-01
4.578000009059906006e-01
4.637999832630157471e-01
4.821999967098236084e-01
4.632000029087066650e-01
4.620999991893768311e-01
4.697999954223632812e-01
4.952999949455261230e-01
5.026999711990356445e-01
4.810999929904937744e-01
4.703999757766723633e-01
5.084999799728393555e-01
5.164999961853027344e-01
4.893999993801116943e-01
4.390999972820281982e-01
4.794999957084655762e-01
4.786999821662902832e-01
5.094999670982360840e-01
4.914999902248382568e-01
5.069999694824218750e-01
5.090000033378601074e-01
4.470999836921691895e-01
4.715999960899353027e-01
4.896999895572662354e-01
4.477999806404113770e-01
5.105999708175659180e-01
4.625999927520751953e-01
5.026999711990356445e-01
5.076000094413757324e-01
4.964999854564666748e-01
4.950999915599822998e-01
5.216999650001525879e-01
4.894999861717224121e-01
5.127999782562255859e-01
5.177999734878540039e-01
4.973999857902526855e-01
4.993999898433685303e-01
5.151999592781066895e-01
4.790999889373779297e-01
4.584999978542327881e-01
4.878000020980834961e-01
4.985999763011932373e-01
6.561999917030334473e-01
6.581999659538269043e-01
6.572999954223632812e-01
6.632999777793884277e-01
6.568999886512756348e-01
6.546999812126159668e-01
6.538999676704406738e-01
6.538999676704406738e-01
6.583999991416931152e-01
6.437000036239624023e-01
6.419000029563903809e-01
6.426999568939208984e-01
6.521999835968017578e-01
6.430999636650085449e-01
6.482999920845031738e-01
6.430000066757202148e-01
6.351999640464782715e-01
6.265999674797058105e-01
6.292999982833862305e-01
6.463999748229980469e-01
6.315999627113342285e-01
6.277999877929687500e-01
6.351000070571899414e-01
6.315999627113342285e-01
6.438999772071838379e-01
6.403999924659729004e-01
6.377999782562255859e-01
6.405999660491943359e-01
6.446999907493591309e-01
6.213999986648559570e-01
6.372999548912048340e-01
6.387000083923339844e-01
6.261000037193298340e-01
6.347999572753906250e-01
6.380999684333801270e-01
6.263999938964843750e-01
6.218000054359436035e-01
6.414999961853027344e-01
6.315999627113342285e-01
6.366999745368957520e-01
6.333000063896179199e-01
6.413999795913696289e-01
6.341999769210815430e-01
6.401000022888183594e-01
6.446999907493591309e-01
6.435999870300292969e-01
6.297000050544738770e-01
6.293999552726745605e-01
6.410999894142150879e-01
6.424999833106994629e-01
6.431999802589416504e-01
6.398000121116638184e-01
6.445999741554260254e-01
6.326000094413757324e-01
6.398000121116638184e-01
6.290000081062316895e-01
6.245999932289123535e-01
6.423999667167663574e-01
6.244999766349792480e-01
6.274999976158142090e-01
7.010999917984008789e-01
7.073000073432922363e-01
7.031999826431274414e-01
7.016999721527099609e-01
7.031999826431274414e-01
7.030000090599060059e-01
7.033999562263488770e-01
7.020999789237976074e-01
6.990999579429626465e-01
7.003999948501586914e-01
6.969999670982360840e-01
6.994000077247619629e-01
7.009999752044677734e-01
6.940000057220458984e-01
6.969000101089477539e-01
6.920999884605407715e-01
6.923999786376953125e-01
6.931999921798706055e-01
6.972999572753906250e-01
6.933000087738037109e-01
6.929000020027160645e-01
6.898999810218811035e-01
6.904000043869018555e-01
6.954999566078186035e-01
6.937999725341796875e-01
6.944999694824218750e-01
6.881999969482421875e-01
6.898999810218811035e-01
6.875999569892883301e-01
6.899999976158142090e-01
6.904999613761901855e-01
6.908000111579895020e-01
6.898999810218811035e-01
6.911000013351440430e-01
6.911000013351440430e-01
6.868999600410461426e-01
6.868000030517578125e-01
6.832000017166137695e-01
6.886000037193298340e-01
6.836000084877014160e-01
7.037999629974365234e-01
7.021999955177307129e-01
7.031999826431274414e-01
7.030999660491943359e-01
7.069000005722045898e-01
7.049999833106994629e-01
7.063999772071838379e-01
7.026000022888183594e-01
7.052999734878540039e-01
7.035999894142150879e-01
7.028999924659729004e-01
7.019000053405761719e-01
7.006999850273132324e-01
7.050999999046325684e-01
7.002999782562255859e-01
7.037000060081481934e-01
6.996999979019165039e-01
7.015999555587768555e-01
7.030000090599060059e-01
7.020999789237976074e-01
7.035999894142150879e-01
7.010999917984008789e-01
7.045999765396118164e-01
7.031999826431274414e-01
7.008999586105346680e-01
7.012000083923339844e-01
6.992999911308288574e-01
7.026999592781066895e-01
7.040999531745910645e-01
7.005000114440917969e-01
7.012999653816223145e-01
7.005000114440917969e-01
7.017999887466430664e-01
7.022999525070190430e-01
7.017999887466430664e-01
7.002999782562255859e-01
6.995999813079833984e-01
7.017999887466430664e-01
7.019000053405761719e-01
6.992999911308288574e-01
